35,6
35,4
33,20
33,19
33,18
33,17
33,16
33,15
33,14
33,13
33,12
33,11
33,10
33,9
33,8
33,5
33,6
33,7
39,35
35,7
35,5
35,3
35,1
34,4
34,3
34,1
33,36
33,35
33,34
33,33
33,32
33,31
33,30
33,29
33,28
33,27
33,26
33,25
33,24
33,23
33,22
33,21
33,4
33,3
33,2
33,1
33,0
31,5
31,4
31,3
31,1
30,5
30,4
30,3
30,2
30,1
29,3
29,1
28,5
28,4
28,3
28,1
27,3
27,1
26,4
26,3
26,1
25,5
25,4
25,3
25,2
25,1
24,6
24,5
24,4
24,3
24,1
20,3
20,2
20,1
19,3
19,2
19,1
14,4
12,3
12,2
12,1
11,3
11,2
11,1
10,3
10,2
10,1
9,3
9,2
18,1
9,1
8,3
18,3
14,1
14,5
14,3
8,2
8,1
13,1
3,3
3,2
13,3
